9788576862840
9788576863564
9788576863762
9788576863953
9788576863014
9788576862888
9788576862444
9788576862451
9788576862550
9788576862086
9788576861751
9788576862161
9788576862116
9788576862024
9788576862246
9788576862154
9788576861829
9788576862239
9788576862147
9788576862505
9788576862468
9788576862475
9788576861805
9788576862437
9788576862420
9788576862543
9788576862130
9788576862406
9788576862734
9788576862222
9788576862413
9788576862383
9788576862772
9788576862741


9788576862536
9788576860877
9788576862499
9788576862956
9788576862789
9788576862499
9788576862482
9788576862581
9788576862574
9788576862628
9788576862598
9788576862802
9788587795366
9788576861416
9788576861980
9788576861287
9788576861331
9788576861584
9788576861737
9788576861720
9788576861768
9788576861713
9788576861775
9788576861812

9788576861577
9788576861782
9788576861911
9788576861850
9788576861898
9788576861843
9788587795595
9788576861928
9788576861973
9788576861874
9788576862017
9788576861997
9788576862048
9788576862031
9788576862000
9788576861768
9788576861867
9788576861973
9788576861836
9788576861645
9788576861690
9788576861614
9788576861676
9788576861614
9788576861072
9788576861096
9788576860945
9788576861324
9788576860891
9788576861089
9788576861089
9788576861317
9788576861270
9788576861294
9788576861430
9788576861225
9788576861409
9788576861546
9788576861454
9788576861379
9788576861423
9788576861256
9788576861065
9780000170996
9788576860877
9788576861416
9788501061409
9788576861058
9788576860679
9788576860709
9788576860860
9788576860648
9788576860853
9788576860785
9788576860983
9788576860839
9788576861003
9788576860990
9788576860884
9788576860990
9788576861034
9788576860808
9788576860976
9788576860655
9788576860938
9788576861300

9788576860754
9788576860815
9788587795434

9788576860662
9788576860822
9788576860686
9788576860921
9788576860952
9788576860693
9788576860754
9788576861041
9788576860242
9788576860518
9788576860501
9788576860563
9788576860570
9788576860594
9788576860587
9788576860617
9788576860549
9788576860556
9788576860525


9788576860631
9788576860464
9788576861706
9788576860389
9788576860198
9788576860341
9788576860440
9788576860334
9788576860396
9788576860365
9788576860402
9788576860327
9788576860259
9788587795335
9788576860143
9788576860266
9788576860273
9788576860112
9788576860174
9788576860280
9788576860099
9788576860105
9788587795878
9788576860198
9788576860167
9788587795922
9788576860303
9788587795946
9788576860068
9788576860013
9788576860051
9788576860037
9788576860044
9788587795991
9788587795915
9788587795892
9788587795953
9788587795977
9788587795960

9788587795939
9788576860075

9788587795809
9788587795908
9788587795847
9788587795717
9788587795779
9788587795687

9788587795816
9788587795786
9788587795229
9788587795748
9788587795847

9788587795755
9788587795717
9788587795618
9788587795519
9788587795533
9788587795649
9788587795588
9788587795571

9788587795526
9788587795663
9788587795427
9788587795557

9788587795625
9788587795656
9788587795564
9788587795335
9788587795410
9788587795472
9788587795403
9788587795489
9788587795380
9788587795465
9788587795441
9788576860150

9788587795458
9788587795298
9788587795304
9788587795243
9788587795694
9788587795250
9788587795274
9788587795274
9788587795502
9788587795342
9788587795359
9788587795311

9788587795267
9788587795267
9788587795267
9788576860716
9788587795212
9788587795168
9788587795144
9781893732001
9788587795069
9788587795236
9788587795052
9788587795021
9788587795090
9788587795083
 MATTHEW LINN
9780809137046
9788587795113
9788587795151
9788595084674
9788595086234
9788595085725
9788595086548
9788595086135
9788595086623
9788595086715
9788595085695
9788595086555
9788595084667
9788595086708
9788595086692
9788595086852
9788595086814
9788595086791
9788595086784
9788595086807
9788595086760
9786555110005
9788595085473
9788595086906
9788595086883
9788595085664
9788595086050
9788595086777
9788595087132
9788595086111
9786555110180
9788595086821

9780000186140
9788595085916
9788595085909
9786555110364
9786555110128
9786555110241

9780062916594
9786555110302
9786555110326
9788595087071
9786555110463
9788595085688
9786555110043
9788595085480
9786555110029
9786555110418
9788595087095
9786555110562
9786555110524
9788595083202
9780000186270
9786555110500
9786555110555
9786555110586
9786555110142
9786555110074
9786555110203
9788595085732
9788595085923
9788595085671
9786555110609
9788413489827
9786555110760
9786555110753
9788595085947
9788595083264
9780062882943
9788595083752
9788595084704
9788595084544
9780000185570
9788595083301
9788595084377
9788595084513
9788595084506
9788595084117

9780000185624
9788595083844
9788595084919
9788595084568
9788595084070
9781417906772
9788595085299
9788595085282
9788595085244
9788595083219
9788595084599

9788595085268
9788595085251
9788595084742
9788595084490
9788595085497
9788595084414
9788595085510
9788595085879
9788595085466
9788595085763
9788595085770
9780062493842
9780000185747
9788595085817
9788595086036
9788595085527
9788595084612
9788595085060
9788491394006
9788595085831
9788595086074
9788595084346
9788595086067
9788520939895
9788595085596
9788595081611
9788595081734
9788595085787
9788595086272
9788595084773
9788595084766
9788595084759
9788595085053
9788595080775
9788595085176
9788595085428
9788595085640
9788595086456
9788595085046
9788595085169
9788595085886

9788595080584
9788595086609
9788595081390
9780062644312
9788595082267
9788595082342
9788595080980
9788595082335
9788595082311
9788595082069
9788595082519
9788595081307
9788595082700
9788595082274
9788595082694
9788595082830
9788595082717
9788595081833
9788595081666
9788595082250
9788595083066
9788595082847
9788595082588
9788595082595
9780062845023
9788595082021
9788595082953
9788595083257
9788595083363
9788569514190
9788595082915

9788595082106
9788595082557
9788595082571
9788595082649
9788595082656
9788595083547
9788595082779
9788595082977
9788595083080
9788595083103
9788595083561
9788595083554
9788595083622
9788595083196
9788595082564
9788595083295
9788595083127
9788595083684
9788595083356
9788595083332
9788595083110
9788595083653
9788595082908
9788595083615
9780062494047
9788595083202
9788595083981
9788595084292
9788595083660
9788595083271
9788595083349
9788595084087
9788595083967
9788595084056
9788595083813
9788595083318
9788595083769
9788595083288
9788595083325
9788595084261
9788595083271
9784596171771

9788595086104

9788569514725
9788569514848
9788539823703
9788569514589
9788569514732
9788595080270
9788569514688
9788595080300
9788595080409
9788595080416
9788595080164
9788539823499
9788595080195
9788595080294
9788595080324
9788595080201
9788595080461
9788539823550
9788539823710
9788595080096
9788595080447
9788595080577
9788595080058
9788595080089
9788595080454
9788595081024
9788539823123
9788595080072
9788595080393
9788595080713
9788595080430
9788595080331
9788569809463
9788595081154
9788595081147
9788595081314
9788595081345
9788595080355
9788595080362
9788595080751
9788595080478
9788595081239
9788595080287
9788595081628
9788595081819
9788595080010
9788595080027
9788569514794
9788569514800
9788595080034
9788595081505
9788539824816
9788595081710
9788595080638
9788595081741
9788595081789
9788595080881
9788595081604
9788595081765
9788595081727
9788595080317
9788595080478
9788595081321
9788595081338
9788569809593
9788595080836
9788569514176
9788595080263
9788595081598
9788595082090
9788595080898
9788595080225
9788595081222
9788595081758
9788595081017


9781503936874
9788595080843
9788595080867
9788595080874

9780008165543

9780062467492
9788595080997
9788595081000
9788569514060
9788569514039
9788569809548
9788569809036
9788569809050
9788569809241
9788522030279
9788569809043
9788522031726
9788569809029
9788569809012
9788569809067
9788522032044
9788569809890
9788569809654
9788569809449
9788569809838
9788569809883

9788569809647
9788569809777
9788569809630
9788569809623
9788569809913
9788569809920
9788522030682
9788522031900
9788569809685
9788522032327
9788569514138
9788569809265
9788522032341
9788569809708
9788569809821
9788569809852
9788522032501
9788569809906
9788569514152
9788522031757
9788539822393
9788569514145
9788539822409
9788539822416
9788569514121
9788569809500
9788569809517
9788569514510
9788569809760
9788569514367
9788569514053
9788569514213
9788569809609
9788569514299
9788569514282
9788569514169
9788569514206
9788569514305
9788569514343
9788569514336
9788569514664
9788569809586
9788539822423
9788569514411
9788569514251
9788569514817
9788569514527
9788569514718


9788520936511
9788520939918
9788520940105
9788520939901
9788520939802
9788520940099


9788416502523
9788520940105
9788520940099
9788520940488
9788520940495
9788520939895
9788522031269
9788522031856
9788522031740
9788522029907
9788522032112
9788522032105
9788522032099
9788522031276
9788522030507
9788522033140
9788522032273
9788522032365
9788522032037
9788522031733
9788569809142

9780007589203
9788595080850

9788522015849
9788520939253
9788520934784
9788520936511
9788520936535
9788520936528
9788520934807
9788520938225
9788520938331
9788520938348
9788520939901
9788520939918

9780062275301
9780007489619

9780062208194
9780062222220
9780062051981
9780062119544
9780061451126
9781869506698
9780730491767


9780007263486
9780061143298
9780061736551
9780002170055
9780062720733
9780397321629
9780001837263
9780008264062
9788550304670
9788550304878
9788550304625
9788550304953
9788550304847
9788550305127
9788550304106
9788550304892
9788550304502
9788550305165
9788550304946
9788550304977
9788550305189
9788550305080


9788550304083


9786556090375
9788550303376





9788550304915
9786556090320
9786556090207


9788550304380
9788550304595

9786556090344
9788550303864
9788550303093
9788550302249
9788550303772
9788550303437
9788550303987
9788550303963

9788550304120
9788550304069
9788550302157
9788550302263
9788550304144
9788550304168
9788550304267
9788550304182
9788550304281
9788550304199
9788550304366
9788550300993
9788550304359
9788550304403
9788550304328
9788550304229
9788550304120
 William Croyle
9788550304304
9788550304380
9788550300917
9788550304441
9788550304434
9788550304465
9788550304496
9788550304618
9788550304540
9788550304595
9788550304526
9788550304663
9788550304717
9788550304816
9788550304779
9788550304700
9788550303932
9788550303154

9788550303925
9788550303550
9788550302737
9788550302591
9788550302577
9788550302614
9788550302645
9788550300702
9788550302775
9788550302829
9788550302850
9788550302867
9788550302904
9788550302812
9788550302973
9788550302881
9788550303079
9788550302799
9788550303031
9788550303253

9788550302997
9788550303017
9788550303161
9788550302959
9788550303055

9788550303208
9788550303185
9788550301853
9788550303413
9788550303550
9788550301716
9788550301723
9788550303680
9788566676259
9788550303628
9788550300900
9788550302171
9788550303703
9788550303666
9788550303512
9788550302225
9788550303840
9788550302232
9788550303710
9788550302188
9788550303123
9788550302270
9788550303826
9788550302140
9788550303116
 Tim Fearon
9788550303307
9788550301921
9788550302164
9788550303130

9788550301952
9788550301372
9788579308932

9788550300924
9788550301020
9788550300870
9788550301075
9788550301099
9788550301082
9788550301167
9788550301198
9788550301280
9788550300962
9788550301051
9788550301037
9788550300948
9788550300375
9788550300382
9788550301143
9788550301068
9788550301310
9788550301341
9788579309991
9788550301365

9788550301518
9788550301525
9788550301471
9788579308130
9788550301532
9788550301556
9788550301594
9788550301495
9788550301624
9788550301693
9788550301389
9788550300740
9788550301839
9788550301938
9788550301815
9788550301952
9788550301884
9788550301945
9788550301983
9788550301969
9788550302003
9788550302058
9788550302072
9788550302119
9788550302126
9788550302294
9788550302317
9788593911057
9788550302362
9788550302409
9788550302348
9788550301518
9788550302041
9788550302478
9788550302423
9788550302386
9788550302669
9788550300894
9788579308116

9788579309335
9788550302553
9788579309342
9788579309359
9788579306679
9788579309328
9788550301648
9788550301655
9788550301662
9788550302447
9788550300771
 Cely Couto
9788550301556
9788550301228
9788594419033
9788579303197
9788550300290
9788579309168
9788579309564


9788579309885
9788579309786
9788579309656
9788579309519
9788579309731
9788579309571
9788579309670
9788579309755
9788550300115
9788550300153
9788550300474
9788579309847
9788579309977
9788550300023
9788579309915
9788550300016
9788550300214
9788550300184
9788579309939
9788550300054
9788550300177
9788550300283
9788550300337
9788550300313
9788550300252
9788550300146
9788579309533
9788550300047
9788550300443
9788550300450
9788550300634
9788550300504
9788550300511
9788550300535
9788579309984
9788550300597
9788550300412
9788550300559
9788550300566
9788550300641
9788550300238
9788550300429
9788550300818
9788550300658
9788550300719
9788550300610
9788550300795
9788550300863
9788550300801
9788550300030
9788550300344
9788550300405
9788550300108
9788550300351
9788550300399
9788550300931
9788579309137
9788579309496
9788579308284
9788579307065
9788579309274
9788579307690
9788579308154
9788579308239
9788579308253
9788579308338
9788579307782
9788579307331
9788579308369
9788579308406
9788579308390
9788579308369
9788579308475
9788579308451
9788579308512
9788579308499
9788579308598
9788579308550
9788579308574
9788579308635
9788579308666
9788579308659
9788579308642
9788579308673
9788579308536
9788579308802
9788579308673
9788579308246
9788579308765
9788579308789
9788579308741
9788579308987

9788579308864
9788579308840
9788579309090
9788579308901

9788579309113
9788579309151
9788579308826
9788579309243
9788579308727
9788579309250
9788579309205
9788579308956
9788579308888
9788579309410
9788579309472
9788579300028
9788550302331
9788579303999
9788579300714

9788579307614
9788579307140
9788582180655
9788579307232
9788579306099
9788579307133


9788579306891
9788579306860
9788579306907
9788579306853
9788579306761
9788579306914
9788579307058
9788579306877
9788579307119
9788579306884
9788579307249
9788579307553
9788579307041
9788579307089
9788579307034
9788579307096
9788579307126
9788579307218
9788579307072
9788579307256
9788579307263
9788579306990
9788579307393
9788579307409
9788579307416
9788579307423
9788579307447
9788579307454
9788579305351
9788579307270
9788579302848
9788579307546
9788579307515
9788579307539
9788579307225
9788579307676
9788579307584
9788579307683
9788579307508
9788579307348
9788579307140
9788579307379



9788579304040
9788579303364
9788579303548
9788579303555
9788579303531
9788579303272
9788579303739
9788579303722
9788579303524
9788579303753
9788579303982
9788579303678
9788579303999
9788579303647
9788579303630
9788579303647
9788579304767
9788579303746
9788579305290
9788579304798
9788579305368
9788579303685
9788579303357
9788579305399
9788579304026
9788579305313
9788579304002
9788579305740
9788579305429
9788579303234

9788579305337
9788579305412
9788579306686
9788579305580
9788579306747
9788579306709
9788579306723
9788579306105
9788579306082
9788579305344
9788579306068
9788579303647
9788579306785
9788579303777

9781781680186
9788550303215
9788579303487
9788579303203
9788579302916
9788579303159
9788579303234
9788579302978
9788579302978
9788579302862
9788579303081
9788579303043
9788579303142
9788579303050
9788579303166
9788579302862
9788579303074
9788579303487
9788579303173
9788579303067
9788579303258
9788579303227
9788579303296
9788579303210
9788579303289
9788579303197
 J. R. Ward
9788579303302
9788579302893
9788579303333
9788579302657
9788579302992
9788579302732
9788579303494
9788579303371
9788579303401
9788579302589
9788579303340

9788579303562
9788579303579
9788579303500
9788579303463
9788579302763
9788579303456
9788579303326
9788579303265
9788579303029
9788579302954

9788579303449
9788579303395
9788579303517
9788579302619
9788536815855
9788579303104
9788579302848
9788579302688
9788579302886
9788579302107
9788579302367
9788579302640
9788579301940
9788579301957
9788579302251
9788579302145
9788579302299
9788579302114
9788579302275
9788579302305
9788579302183
9788579302381
9788579302374
9788579302244
9788579302237
9788579302459
9788579302466
9788579302473
9788579302473
9788579302527
9788579302275
9788579302497
9788579302534
9788579302541
9788579302282
9788579302206
9788579302435
9788579302770
9788579302572
9788579301834
9788579302855
9788579302565
9788579302671
9788579302909
9788579302763
9788579302879
9788579302749
9788579302442
9788579302695
9788579302831
9788579301759
9788579302800

9788579302121
9788579301742
9788579303036
9788579302138
9788579302602
9788579302176
9788579302411
9788579302428

9788579301780
9788579302350
9788579302558
9788579301865
9788579302046
9788579302336
9788579302701
9788579302633
9788579302794
9788579301773
9788578731434
9788579302268
9788579301766
9788579301797

9788579302190
9788579302718
9788579301896

9788579301179
9788579301605
9788579300547
9788579300844
9788579301056
9788579300912

9788579300875
9788579301124
9788579301049
9788579300790
9788579300967
9788579301162
9788579301292
9788579301339
9788579301117
9788579301001
9788579301131
9788579300615
9788579301148

9788579301216
9788579300882
9788579301254
9788579301254
9788579301506
9788579300929
9788579301414
9788579301476
9788579301230
9788579301582
9788579301261
9788579300783
9788579301803

9788579301629
9788579301599
9788579301698
9788579301247

9788579300158
9788579301131
9788579301308
9788579301193
9788579300837
9788579301575
9788579301643
9788579301384
9788579301735
9788579301711
9788579301469
9788579301032
9788579301551
9788579301650
9788579302077
9788579302091
9788579301674
9788579300387
9788579301377
9788579301247
9788579301704


9788579300653
9788579300660
9788579300677
9788579300684
9788579301490
9788579300769
9788579300158
9788579300622
9788579301063
9788579301070

9788579301568
9788579301186
9788579301018
9788579300059
9788579300936
9788579301667
9788579300257
9788579301353

9788599187388
9788579301445
9788579300332
9788579300660
9788579300868
9788599187449
9788579301537
9788579300592

9788599187937
9788599187975
9788599187746
9788599187159
9788579300172
9788579300110
9788599187982
9788579300035
9788579300332
9788579300295

9788579300141
9788579300325
9788578730543
9788579300493
9788579300479
9788579300820
9788579300363
9788579300301
9788579300462
9788579300264
9788579300097
9788579300011
9788599187968
9788599187944

9788578730444
9788579300578
9788579300370
9788579300714
9788579300004
9788579300318
9788579300721
9788579300004
9788579300288
9788579300752
9788579300523
9788579300509

9788579300530
9788578730741
9788579300394
9788579301841
9788579301209
9788579300226
9788579300202
9788579300431
9788579300561
9788579300950
9788579301155
9788579300776
9788579300707
9788579300585
9788599187951
9788579300165
9788579300240
9788579300738
9788579302343
9788579300431
9788579300134
9788579300639
9788579300400

9788579300608
9788579300776
9788599187494
9788579300219
9788579300080
9788599187623
9788578730604
9788579300745
9788579300189
9788578730574
9788579300691
9788578730512
9788599187869
9788599187753
9788599187791
9788599187708
9788599187890
9788599187715
9788599187760
9788599187821
9788599187845
9788599187999
9788599187456
9788599187777
9788599187876
9788599187920
9788599187913
9788560480890
9788599187814
9788599187852
9788599187883
9788578730000
9788599187876
9788599187906
9788599187784
9788599187807
9788599187791
9788599187647
9788579303104
9788550303147
9788525416643
9788599187470
9788599187432
9788599187227
9788599187562
9788599187722
9788599187517
9788599187739

9788599187654
9788579301346
9788599187579
9788599187630
9788599187609
9788599187678
9788599187388

9788599187524
9788599187616
9788599187401
9788599187586
9788599187449
9788599187418
9788560480135
9788599187531
9788599187692
9788560480692
9788599187661
9788560480579
9788599187685
9788599187500
9788599187173
9788577020461

9788599187364
9788599187210
9788599187425
9788599187258
9788599187371
9788577020607
9788599187357
9788599187166
9788599187203
9788599187371
9788599187180
9788577020522
9788589535731
9788599187029
9788599187098
9788599187180
9788599187128
9788599187104
9788599187036
9788599187074
9788599187067
9788599187050
9788599187463
9788599187135
9788589535564

9780415118958
9788550301761
9788599187548
9788550305141


9788550304731
9788550304571
9788550303499
9788550303390
9788550302713
9788550300689
9788550302843
9788550302096
9788550302461
9788550300696
9788550300672
9788550301181
9788550300528
9788579309830
9788579309373
9788579309601
9788579309557
9788579309434
9788579309397
9786556360171
9786556360263
9781515903345

9786550480349
9786550480295
9786550480318
9786550480332
9786550480325


9786550480301
9786556360065

9786556360089
9786556360225
9786556360270

9786556360324
9786556360331
9786556360348

9786556360119
9786556360164
9786556360140
9786556360195
9786556360256
9788552923954
9788552923930
9788552923992
9788552923855
9788552923787
9786550480127
9788552923596
9786550480042
9786550480226
9786550480141
9786550480233
9786550480240
9786550480165
9786550480172
9786550480189
9786550480196
9786550480219
9786550480202
9786550480004



9786550480028
9788552923459
9788552923473
9788552923503
9788552923558
9788552923510
9788552923497

9788552923633
9788552923671
9788552923725
9788552923749
9788552923701
9788552923664
9786550480035
9788552923763
9788552923961
9786550480011
9788552923893
9788552923879
9788552923831
9788552923589
9788552923688
9788552923657



9788552923183
9788552923176

9788552923152
9788552923107
9788552923138
9788552923015
9788552923091
9788552923039
9788552923077
9788552923237
9788552923268
9788552923367
9788552923343
9788552923244
9788552923305
9788552923398
9788552923404
9788552923381

9788552923442

9788592366414
9788552923022
9786587435152
9786580448395
9786580448562
9786588513019
9786587435084
9786580448234
9786587435039
9786580448494
9786580448319
9786580448296
9786580448432
9786580448272
9786580448418
9786580448357
9786580448005
9786580448043
9786580448197
9786580448333
9786580448135
9786580448074
9786580448203
9786580448029
9786580448067
9786580448012
9786586624120
9786580455263
9786580455232
9786586624021

9786586624069
9786580455201
9786586624083
9786586624076
9786586624106
9786586624052
9786580455140

9786586624007
9786586624144

9786586624212
9786586624205
9786586624229
9786586624090
9786580455249
9786580455300
9786586624014
9786586624038
9786586624113



9788590662204
9788590662235
9788590662228
9788590662242
9788590662266

9786580455010
9786580455003
9786580455027

9786580455034
9786580455058

9786580455102
9786580455096
9786580455089
9786580455072
9786580455065
9788590662273
9786580455157
9786580455171
9786580455195

9786580455225
9786580455126
9786580455119
9786580455164
9788590662211
9788544001912
9788544002537
9788544002803
9788544002896
9788544002902
9788544002797
9786586014327
9786586014303
9786586014297
9786586014396

9786586014600
9786586014624
9786586014815
9786586014815
9786586014815
9786586014815

9786586014693
9788544002810
9786586014365
9786586014891
9786559100026
9788544002292
9788544002254
9788544002261
9788544002285
9788544002353
9788544002339
9788544002360
9788544002315
9788544002346
9788544002384
9788544002506
9788544002520
9788544002322
9788544002421
9788544002223
9788544002483
9788544002469
9788544001882
9783905493313
9781974479368


9780950008738

9788544001868
9788544001486

9788572324809
9788572325332
9788572327213
9788572326209
9788572328999
9788572326049
9788572322720
9788572326773

9788572327336
9788572329804
9788572324175
9788572329286
9788572328807
9788572329255
9788572329293
9788572325936
9788572327534
9788572329590
9788572329743
9788572329712
9788572328906
9788572329705
9788572329729
9788572325363
9788572329668
9788572329750
9788572329637
9788572329545
9788572329736
9788572329651
9788572329521
9788572326919
9788572327633
9788572329323
9788572329583
9788572329415
9788572321129
9788572325639
9788572329828
9788572329835
9788572329378
9788572329774
9788572323581
9788572329422
9788572329897
9788572329569
9788572329552
9788572327435
9788572329453
9788572326742
9788572326063
9788572329811
9788572329477
9788572328685
9788572329446
9788572329910
9788572325288
9788572323444
9788572325905
9788572329576
9788572329798
9788572325653
9788544002193
9788572325936
9788572325295
9788572324991
9788572326223
9788572325646
9788572327732
9788572322645
9788572328319
9788572328432
9788572325950
9788572323604
9788572325271
9788572323529
9788572325707
9788572328234
9788572322942
9788572326094
9788572323383
9788572324823
9788572328760
9788572328753
9788572328784
9788572328791
9788572328777
9788572328555
9788572323420
9788572328630
9788572328470
9788572327770
9788572328661
9788572324458
9788572327749
9788572328708
9788572324571
9788572328173
9788572328562
9788572325172
9788572322881
9788572324779
9788572325264
9788572325318
9788572327701
9788572324939
9788572328746
9788572328616
9788572328524
9788572329217
9788572323451
9788572324663
9788572329354
9788572326513
9788572321709
9788572327541
9788508043101
9788572323543
9788572325011
9788572328081
9788572328227
9788572328135
9788572328357
9788572328371
9788572321440
9788572328425
9788572322744
9788572327923
9788572325974
9788572322669
9788572329958
9788572328111
9788572326407
9788572325790
9788572327947
9788572327978
9788572328005
9788572328012
9788572328043
9788572328265
9788572327985
9788572327992
9788525410597
9788572324472
9788572325998
9788572322713
9788572328715
9788572324830
9788572327930
9788572327893
9788572327800
9788572328449
9788572329439
9788572327640
9788572327459
9788572327381
9788572327442
9788572327411
9788572322645
9788572324700
9798572327076
9788572326353
9788572324366
9788572326223